num_grid: 13
anchorbox: [[0.57273, 0.677385], [1.87446, 2.06253], [3.33843, 5.47434], [7.88282, 3.52778], [9.77052, 9.16828]]
num_classes: 13
img_size: 416

confidence_threshold: 0.5
iou_threshold : 0.8